%YAML:1.0
---
camera_matrix_left: !!opencv-matrix
   rows: 3
   cols: 3
   dt: d
   data: [ 7.0988093262426366e+02, 0., 3.1442659734789777e+02, 0.,
       7.0975397945849306e+02, 2.4154554591240327e+02, 0., 0., 1. ]
camera_matrix_right: !!opencv-matrix
   rows: 3
   cols: 3
   dt: d
   data: [ 7.0988093262426366e+02, 0., 3.1479018114372923e+02, 0.,
       7.0975397945849306e+02, 2.3815796094943190e+02, 0., 0., 1. ]
dist_coefficient_left: !!opencv-matrix
   rows: 1
   cols: 5
   dt: d
   data: [ 3.0519532741944518e-02, -1.3365480667980956e-01, 0., 0.,
       2.3334092846045532e-01 ]
dist_coefficient_right: !!opencv-matrix
   rows: 1
   cols: 5
   dt: d
   data: [ 3.9834665266943417e-02, -2.5916788044731287e-01, 0., 0.,
       5.7477383858667552e-01 ]
rotation: !!opencv-matrix
   rows: 3
   cols: 3
   dt: d
   data: [ 9.9722432297704167e-01, 2.4669646525508786e-02,
       -7.0249969418407332e-02, -2.4903346257517896e-02,
       9.9968685480305841e-01, -2.4526881471054708e-03,
       7.0167464028272258e-02, 4.1953395899777344e-03,
       9.9752640371950341e-01 ]
translation: !!opencv-matrix
   rows: 3
   cols: 1
   dt: d
   data: [ -5.2182153642564998e+01, 7.3644395553229847e-01,
       -2.9463654580856247e+00 ]
essential: !!opencv-matrix
   rows: 3
   cols: 3
   dt: d
   data: [ -2.1699954445245549e-02, 2.9485324503764350e+00,
       7.2739577486701201e-01, 7.2330208945007757e-01,
       1.4623606068101264e-01, 5.2260058144732412e+01,
       5.6511041565756392e-01, -5.2183980863854593e+01,
       1.7972171508407062e-01 ]
fundamental: !!opencv-matrix
   rows: 3
   cols: 3
   dt: d
   data: [ -1.0892997910841511e-07, 1.4803765090752624e-05,
       -9.4947403265694666e-04, 3.6314995347948321e-06,
       7.3434210090799448e-07, 1.8494167254549479e-01,
       1.1831782246654362e-03, -1.9082471073778812e-01, 1. ]
rectification_left: !!opencv-matrix
   rows: 3
   cols: 3
   dt: d
   data: [ 9.9984571930358479e-01, 1.0779759536489079e-02,
       -1.3868466917169236e-02, -1.0801382789559976e-02,
       9.9994056037751233e-01, -1.4852076420739980e-03,
       1.3851632399487890e-02, 1.6347771230813804e-03,
       9.9990272516061640e-01 ]
rectification_right: !!opencv-matrix
   rows: 3
   cols: 3
   dt: d
   data: [ 9.9831066274821723e-01, -1.4089105220921098e-02,
       5.6367701366021150e-02, 1.4001114322932471e-02,
       9.9990006712065116e-01, 1.9556507442592980e-03,
       -5.6389621748432602e-02, -1.1631363596589358e-03,
       9.9840816186211012e-01 ]
projection_left: !!opencv-matrix
   rows: 3
   cols: 4
   dt: d
   data: [ 7.0975397945849306e+02, 0., 2.9653512954711914e+02, 0., 0.,
       7.0975397945849306e+02, 2.3963054084777832e+02, 0., 0., 0., 1.,
       0. ]
projection_right: !!opencv-matrix
   rows: 3
   cols: 4
   dt: d
   data: [ 7.0975397945849306e+02, 0., 2.9653512954711914e+02,
       -3.7099164204625878e+04, 0., 7.0975397945849306e+02,
       2.3963054084777832e+02, 0., 0., 0., 1., 0. ]
disparity: !!opencv-matrix
   rows: 4
   cols: 4
   dt: d
   data: [ 1., 0., 0., -2.9653512954711914e+02, 0., 1., 0.,
       -2.3963054084777832e+02, 0., 0., 0., 7.0975397945849306e+02, 0.,
       0., 1.9131266018386314e-02, 0. ]
