%YAML:1.0
---
camera_matrix_left: !!opencv-matrix
   rows: 3
   cols: 3
   dt: d
   data: [ 7.0777622452540470e+02, 0., 3.1412192613498956e+02, 0.,
       7.0785379154580676e+02, 2.4216070761451704e+02, 0., 0., 1. ]
camera_matrix_right: !!opencv-matrix
   rows: 3
   cols: 3
   dt: d
   data: [ 7.0777622452540470e+02, 0., 3.1519768353022158e+02, 0.,
       7.0785379154580676e+02, 2.3871652967335405e+02, 0., 0., 1. ]
dist_coefficient_left: !!opencv-matrix
   rows: 1
   cols: 5
   dt: d
   data: [ 5.6606182200638663e-02, -5.2948437031236062e-01, 0., 0.,
       1.5140871425580020e+00 ]
dist_coefficient_right: !!opencv-matrix
   rows: 1
   cols: 5
   dt: d
   data: [ 9.9666156041923106e-03, 1.1421424165061862e-01, 0., 0.,
       -7.5483281827409043e-01 ]
rotation: !!opencv-matrix
   rows: 3
   cols: 3
   dt: d
   data: [ 9.9633655963796142e-01, -3.4787013678798169e-02,
       7.8123771082187765e-02, 3.4198168129162453e-02,
       9.9937577115405862e-01, 8.8630314701138337e-03,
       -7.8383322367711006e-02, -6.1588724245433112e-03,
       9.9690426975966839e-01 ]
translation: !!opencv-matrix
   rows: 3
   cols: 1
   dt: d
   data: [ -1.4534907821908809e+02, 4.7728165059320169e+00,
       1.0920281551061452e+01 ]
essential: !!opencv-matrix
   rows: 3
   cols: 3
   dt: d
   data: [ -7.4756283928739176e-01, -1.0942859964277268e+01,
       4.6612543544934883e+00, -5.1266790303395526e-01,
       -1.2750704134694324e+00, 1.4575225025828908e+02,
       -9.7260037916587407e+00, -1.4509231509865450e+02,
       -1.6611038785345351e+00 ]
fundamental: !!opencv-matrix
   rows: 3
   cols: 3
   dt: d
   data: [ 1.5294388455469797e-06, 2.2385544389333356e-05,
       -1.2651009544856985e-02, 1.0487523497346536e-06,
       2.6080949275911871e-06, -2.1199288897035440e-01,
       1.3351206676541306e-02, 2.0239790024097395e-01, 1. ]
rectification_left: !!opencv-matrix
   rows: 3
   cols: 3
   dt: d
   data: [ 9.9775431753900434e-01, -6.6916152649540012e-02,
       2.9240976145076098e-03, 6.6900545200330050e-02,
       9.9774638833553242e-01, 5.1440854677580108e-03,
       -3.2617302424183003e-03, -4.9369097606156587e-03,
       9.9998249386568827e-01 ]
rectification_right: !!opencv-matrix
   rows: 3
   cols: 3
   dt: d
   data: [ 9.9665535875094347e-01, -3.2727095384820867e-02,
       -7.4880124871029227e-02, 3.2348717139311277e-02,
       9.9945703454307877e-01, -6.2607189520039359e-03,
       7.5044362696134084e-02, 3.8175031143390823e-03,
       9.9717288887008104e-01 ]
projection_left: !!opencv-matrix
   rows: 3
   cols: 4
   dt: d
   data: [ 7.0785379154580676e+02, 0., 3.4548359680175781e+02, 0., 0.,
       7.0785379154580676e+02, 2.4064348793029785e+02, 0., 0., 0., 1.,
       0. ]
projection_right: !!opencv-matrix
   rows: 3
   cols: 4
   dt: d
   data: [ 7.0785379154580676e+02, 0., 3.4548359680175781e+02,
       -1.0323116733552821e+05, 0., 7.0785379154580676e+02,
       2.4064348793029785e+02, 0., 0., 0., 1., 0. ]
disparity: !!opencv-matrix
   rows: 4
   cols: 4
   dt: d
   data: [ 1., 0., 0., -3.4548359680175781e+02, 0., 1., 0.,
       -2.4064348793029785e+02, 0., 0., 0., 7.0785379154580676e+02, 0.,
       0., 6.8569774983275877e-03, 0. ]
