%YAML:1.0
---
camera_matrix_left: !!opencv-matrix
   rows: 3
   cols: 3
   dt: d
   data: [ 7.1351551527137747e+02, 0., 3.1526178292832788e+02, 0.,
       7.1275806745753687e+02, 2.4355754433247137e+02, 0., 0., 1. ]
camera_matrix_right: !!opencv-matrix
   rows: 3
   cols: 3
   dt: d
   data: [ 7.1351551527137747e+02, 0., 3.1429793807101549e+02, 0.,
       7.1275806745753687e+02, 2.4763065474039340e+02, 0., 0., 1. ]
dist_coefficient_left: !!opencv-matrix
   rows: 1
   cols: 5
   dt: d
   data: [ 2.7051545778583506e-02, -7.2884348404374910e-02, 0., 0.,
       -5.7312350671246404e-03 ]
dist_coefficient_right: !!opencv-matrix
   rows: 1
   cols: 5
   dt: d
   data: [ 2.6613270664985877e-02, -1.1931852573632995e-01, 0., 0.,
       1.5936734908780434e-01 ]
rotation: !!opencv-matrix
   rows: 3
   cols: 3
   dt: d
   data: [ 9.9807572947223155e-01, 1.5406358756249919e-02,
       -6.0062320537476739e-02, -1.6166331049311145e-02,
       9.9979503382115953e-01, -1.2187702283467864e-02,
       5.9862241679350413e-02, 1.3135237204561280e-02,
       9.9812022199968620e-01 ]
translation: !!opencv-matrix
   rows: 3
   cols: 1
   dt: d
   data: [ -1.4054800487389534e+02, 6.0323361993453668e+00,
       4.2687898423452753e+00 ]
essential: !!opencv-matrix
   rows: 3
   cols: 3
   dt: d
   data: [ 4.3011983722759695e-01, -4.1886787179269538e+00,
       6.0730234861765364e+00, 1.2674094171174056e+01,
       1.9118978904126571e+00, 1.4002741240252732e+02,
       -3.7485827774717877e+00, -1.4061213362201812e+02,
       2.0752733503333323e+00 ]
fundamental: !!opencv-matrix
   rows: 3
   cols: 3
   dt: d
   data: [ 4.0582423524502776e-07, -3.9562783175446690e-06,
       4.9240735876477718e-03, 1.1970897588619881e-05,
       1.8077391321072536e-06, 9.0154075156463745e-02,
       -5.6155022940509204e-03, -9.3966591420119122e-02, 1. ]
rectification_left: !!opencv-matrix
   rows: 3
   cols: 3
   dt: d
   data: [ 9.9557617967278333e-01, -2.7865414185874196e-02,
       -8.9730647832251667e-02, 2.7227161268086823e-02,
       9.9959456910979005e-01, -8.3294114734947539e-03,
       8.9926370756455418e-02, 5.8494528344859523e-03,
       9.9593123846182752e-01 ]
rectification_right: !!opencv-matrix
   rows: 3
   cols: 3
   dt: d
   data: [ 9.9862054813638756e-01, -4.2860906402322513e-02,
       -3.0330571081863621e-02, 4.3075165168417216e-02,
       9.9905103911521265e-01, 6.4460366526691683e-03,
       3.0025505582657670e-02, -7.7436390143994054e-03,
       9.9951913692000927e-01 ]
projection_left: !!opencv-matrix
   rows: 3
   cols: 4
   dt: d
   data: [ 7.1275806745753687e+02, 0., 3.6608368110656738e+02, 0., 0.,
       7.1275806745753687e+02, 2.4631432151794434e+02, 0., 0., 0., 1.,
       0. ]
projection_right: !!opencv-matrix
   rows: 3
   cols: 4
   dt: d
   data: [ 7.1275806745753687e+02, 0., 3.6608368110656738e+02,
       -1.0031510419636226e+05, 0., 7.1275806745753687e+02,
       2.4631432151794434e+02, 0., 0., 0., 1., 0. ]
disparity: !!opencv-matrix
   rows: 4
   cols: 4
   dt: d
   data: [ 1., 0., 0., -3.6608368110656738e+02, 0., 1., 0.,
       -2.4631432151794434e+02, 0., 0., 0., 7.1275806745753687e+02, 0.,
       0., 7.1051919166862983e-03, 0. ]
